   20000,     160
 
   .100000000000000E+03,   .100000000000000E+02,   .347222222222222E-02
 
   .500000000000000E+01,   .200000000000000E+04,   .000000000000000E+00
 
   .982242677212690E+01
   .657478604530338E+01
   .168422523917641E+01
   .632151374940580E-04
   .168307221683807E+00
   .300827907649071E-02
   .224113684309823E-01
   .970518060520117E-02
   .365840061417766E-03
   .188208663360173E-02
   .280267944935547E-03
   .532722707004656E-04
   .107621724968830E-03
   .141800701888399E-04
   .169638418656345E-05
   .487455248154595E-05
   .112773495339422E-05
   .512314199648868E-09
   .151426787558520E-06
   .807771272258104E-07
   .690859294069841E-08
   .112640014423269E-08
   .314181836973061E-08
   .118473341189230E-08
   .859894747739360E-10
   .173156948882777E-10
   .476233213868099E-10
   .215731907300199E-10
   .298128863464336E-11
   .725650351879857E-14
   .493964749339508E-12
   .399543374459462E-12
   .120401105264175E-12
   .106157069621451E-13
   .790166980058799E-15
   .442167551496583E-14
   .319231526813632E-14
   .102727097051817E-14
   .136129364870758E-15
   .131422248927272E-18
   .188000418480970E-16
   .208747332471107E-16
   .558388107067799E-17
   .845055985590299E-18
   .103705535911182E-17
   .142593529894954E-17
   .536152995894006E-17
   .276205119108500E-17
   .758259096734497E-17
   .330817981973028E-17
   .109332597464196E-16
   .479413534392666E-17
   .175200857292896E-16
   .779070630074086E-17
   .286429253459390E-16
   .127044685048549E-16
   .460235021018379E-16
   .202361200357177E-16
   .724582688025666E-16
   .315757173688030E-16
   .112170832816878E-15
   .484928943106598E-16
   .171161721126910E-15
   .734630682536920E-16
   .257748221556992E-15
   .109887569480771E-15
   .383341065664168E-15
   .162407887079943E-15
   .563475195043106E-15
   .237314359032760E-15
   .819122152851087E-15
   .343061618232462E-15
   .117835224038320E-14
   .490917293990119E-15
   .167842513996997E-14
   .695776818025222E-15
   .236841391716881E-14
   .977181280135598E-15
   .331247099452018E-14
   .136058423214447E-14
   .459388101891177E-14
   .187891362989011E-14
   .632004845626968E-14
   .257449470389518E-14
   .862861377824259E-14
   .350139745824052E-14
   .116949099991155E-13
   .472829270684462E-14
   .157410074524392E-13
   .634190857669330E-14
   .210466438512421E-13
   .845120018634133E-14
   .279623666394816E-13
   .111923445992023E-13
   .369252686407425E-13
   .147347205585189E-13
   .484777665669196E-13
   .192880207053838E-13
   .632899087955538E-13
   .251106896150807E-13
   .821857891393800E-13
   .325198955983356E-13
   .106174704953292E-12
   .419032719543936E-13
   .136487809732278E-12
   .537327070909173E-13
   .174621040741188E-12
   .685804719254229E-13
   .222385311646087E-12
   .871380392633027E-13
   .281964952281904E-12
   .110237973670281E-12
   .355985596225570E-12
   .138879319167424E-12
   .447592832040339E-12
   .174256961840019E-12
   .560543030618716E-12
   .217795515814140E-12
   .699308028713865E-12
   .271188304559918E-12
   .869195409312180E-12
   .336442111759723E-12
   .107648646805380E-11
   .415928441624555E-12
   .132859395279026E-11
   .512442050564757E-12
   .163424217158815E-11
   .629267737431980E-12
   .200367204924133E-11
   .770256254611912E-12
   .244887417906892E-11
   .939910529202043E-12
   .298385310227710E-11
   .114348332336939E-11
   .362492641562155E-11
   .138708765441253E-11
   .439106271891867E-11
   .167782144243605E-11
   .530426252915014E-11
   .202390786286288E-11
   .638998709428054E-11
   .243485320542357E-11
   .767764009920041E-11
   .292162406667260E-11
   .920110790334004E-11
   .349684588942900E-11
   .109993644678834E-10
   .417502508869645E-11
   .131171474303617E-10
   .497279700870015E-11
   .156057126314384E-10
   .590920284167414E-11
   .185236761097041E-10
   .700599796818295E-11
   .219379472202771E-10
   .828799136661168E-11
   .259247684626131E-10
   .978343503148130E-11
   .305708850839278E-10
   .115244284147403E-10
   .359747603139783E-10
